Dates,Cases,Active,Deaths
2020-02-15,1,1,0
2020-02-16,1,1,0
2020-02-17,1,1,0
2020-02-18,1,1,0
2020-02-19,1,1,0
2020-02-20,1,1,0
2020-02-21,1,1,0
2020-02-22,1,1,0
2020-02-23,1,1,0
2020-02-24,1,1,0
2020-02-25,1,1,0
2020-02-26,2,2,0
2020-02-27,7,7,0
2020-02-28,11,11,0
2020-02-29,13,13,0
2020-03-01,14,14,0
2020-03-02,15,15,0
2020-03-03,30,29,0
2020-03-04,52,51,0
2020-03-05,94,93,0
2020-03-06,137,136,0
2020-03-07,161,160,0
2020-03-08,203,202,0
2020-03-09,260,259,0
2020-03-10,355,354,0
2020-03-11,500,498,1
2020-03-12,687,685,1
2020-03-13,814,812,1
2020-03-14,961,958,2
2020-03-15,1040,1036,3
2020-03-16,1121,1113,7
2020-03-17,1196,1187,8
2020-03-18,1301,1276,10
2020-03-19,1439,1412,11
2020-03-20,1639,1607,16
2020-03-21,1770,1734,20
2020-03-22,1934,1897,21
2020-03-23,2046,2003,27
2020-03-24,2299,2243,40
2020-03-25,2526,2448,62
2020-03-26,2840,2747,77
2020-03-27,3069,2948,105
2020-03-28,3447,3326,105
2020-03-29,3700,3574,110
2020-03-30,4028,3866,146
2020-03-31,4435,4239,180
2020-04-01,4947,4605,239
2020-04-02,5568,5157,308
2020-04-03,6131,5568,358
2020-04-04,6443,5865,373
2020-04-05,6830,6224,401
2020-04-06,7206,6524,477
2020-04-07,7693,6897,591
2020-04-08,8419,7527,687
2020-04-09,9141,8143,793
2020-04-10,9685,8434,870
2020-04-11,10151,8883,887
2020-04-12,10483,9203,899
2020-04-13,10948,9648,919
2020-04-14,11445,10031,1033
2020-04-15,11927,10343,1203
2020-04-16,12540,10657,1333
2020-04-17,13216,11266,1400
2020-04-18,13822,11761,1511
2020-04-19,14385,12295,1540
2020-04-20,14777,12647,1580
2020-04-21,15322,13007,1765
2020-04-22,16004,13517,1937
2020-04-23,16755,14184,2021
