Dates,Cases,Active,Deaths
2020-01-22,580,563,17
2020-01-23,845,786,25
2020-01-24,1317,1238,41
2020-01-25,2015,1910,56
2020-01-26,2800,2669,80
2020-01-27,4581,4415,106
2020-01-28,6058,5823,132
2020-01-29,7813,7519,170
2020-01-30,9823,9439,213
2020-01-31,11950,11448,259
2020-02-01,14553,13921,304
2020-02-02,17391,16525,362
2020-02-03,20630,19561,426
2020-02-04,24545,23146,492
2020-02-05,28266,26528,565
2020-02-06,31439,29239,638
2020-02-07,34876,32069,724
2020-02-08,37552,34055,813
2020-02-09,40553,36320,910
2020-02-10,43099,38038,1018
2020-02-11,45134,39216,1115
2020-02-12,59287,52039,1261
2020-02-13,64438,56247,1383
2020-02-14,67100,57378,1526
2020-02-15,69197,57990,1669
2020-02-16,71329,58581,1775
2020-02-17,73332,58747,1873
2020-02-18,75184,58622,2009
2020-02-19,75700,57217,2126
2020-02-20,76677,55906,2247
2020-02-21,77673,54418,2360
2020-02-22,78651,53541,2460
2020-02-23,79205,51596,2618
2020-02-24,80087,49922,2699
2020-02-25,80828,48014,2763
2020-02-26,81820,46215,2800
2020-02-27,83112,43734,2858
2020-02-28,84615,42262,2923
2020-02-29,86604,41297,2977
2020-03-01,88585,40413,3050
2020-03-02,90443,39218,3117
2020-03-03,93016,38870,3202
2020-03-04,95314,38505,3285
2020-03-05,98425,39433,3387
2020-03-06,102050,40947,3494
2020-03-07,106099,42328,3599
2020-03-08,109991,43886,3827
2020-03-09,114381,46300,4025
2020-03-10,118948,48031,4296
2020-03-11,126214,53279,4628
2020-03-12,134509,59168,4981
2020-03-13,145416,67413,5428
2020-03-14,156476,74717,5834
2020-03-15,169515,85538,6524
2020-03-16,182439,95640,7170
2020-03-17,198172,107558,7990
2020-03-18,218864,124551,8972
2020-03-19,245021,146793,10063
2020-03-20,275734,172718,11440
2020-03-21,305205,196623,13084
2020-03-22,337707,224342,14735
2020-03-23,379238,260517,16647
2020-03-24,423116,295148,19071
2020-03-25,471729,335966,21515
2020-03-26,532809,384450,24392
2020-03-27,597457,436603,27758
2020-03-28,664337,490952,31395
2020-03-29,724879,538797,34733
2020-03-30,786804,582794,38581
2020-03-31,860761,639310,43283
2020-04-01,938000,695425,48359
2020-04-02,1018298,751495,54539
2020-04-03,1114534,825385,60464
2020-04-04,1198333,885300,66470
2020-04-05,1271883,936973,71443
2020-04-06,1343726,988105,76911
2020-04-07,1426757,1039997,84542
2020-04-08,1511417,1089888,91172
2020-04-09,1597091,1142048,98606
2020-04-10,1691022,1208997,105771
2020-04-11,1771632,1256877,112046
2020-04-12,1843860,1302811,117650
2020-04-13,1915088,1347127,123250
2020-04-14,1988631,1379658,130379
2020-04-15,2072114,1423517,138475
2020-04-16,2162368,1469959,145288
2020-04-17,2248865,1523678,153614
2020-04-18,2330580,1574051,160047
2020-04-19,2406610,1616481,165031
2020-04-20,2480506,1663779,170397
2020-04-21,2555760,1688075,177459
2020-04-22,2635716,1734206,184066
