Dates,Cases,Active,Deaths
2020-02-15,15,12,0
2020-02-16,15,12,0
2020-02-17,15,12,0
2020-02-18,15,12,0
2020-02-19,15,12,0
2020-02-20,15,10,0
2020-02-21,35,29,0
2020-02-22,35,29,0
2020-02-23,35,28,0
2020-02-24,53,48,0
2020-02-25,57,51,0
2020-02-26,60,54,0
2020-02-27,60,54,0
2020-02-28,63,57,0
2020-02-29,68,60,1
2020-03-01,75,65,1
2020-03-02,100,85,6
2020-03-03,124,106,9
2020-03-04,158,138,11
2020-03-05,221,200,12
2020-03-06,319,289,15
2020-03-07,435,401,19
2020-03-08,541,504,22
2020-03-09,704,663,26
2020-03-10,994,949,30
2020-03-11,1301,1248,38
2020-03-12,1630,1581,41
2020-03-13,2183,2126,48
2020-03-14,2771,2664,58
2020-03-15,3617,3484,73
2020-03-16,4604,4434,95
2020-03-17,6357,6129,121
2020-03-18,9317,9032,171
2020-03-19,13898,13548,239
2020-03-20,19551,19092,309
2020-03-21,24418,23870,374
2020-03-22,33840,33150,509
2020-03-23,44189,43199,689
2020-03-24,55398,54044,957
2020-03-25,68905,67231,1260
2020-03-26,86379,82872,1614
2020-03-27,105217,100548,2110
2020-03-28,124788,118766,2754
2020-03-29,144980,137133,3251
2020-03-30,165851,156355,3948
2020-03-31,190930,178601,5027
2020-04-01,217771,202573,6263
2020-04-02,248079,230155,7438
2020-04-03,280738,259663,8694
2020-04-04,315141,289987,10231
2020-04-05,340775,311068,11632
2020-04-06,372252,339277,13128
2020-04-07,406000,368778,15347
2020-04-08,438210,397816,17503
2020-04-09,472016,426484,19604
2020-04-10,505959,456815,21830
2020-04-11,536145,481849,23843
2020-04-12,563753,505561,25558
2020-04-13,590573,526353,27272
2020-04-14,617661,549016,29825
2020-04-15,648003,566859,32443
2020-04-16,677570,585443,34619
2020-04-17,709735,612078,37147
2020-04-18,738601,631318,39014
2020-04-19,764671,652909,40575
2020-04-20,792759,677856,42514
2020-04-21,818744,690503,45318
