Dates,Cases,Active,Deaths
2020-01-22,580,563,17
2020-01-23,845,786,25
2020-01-24,1317,1238,41
2020-01-25,2015,1910,56
2020-01-26,2800,2669,80
2020-01-27,4581,4415,106
2020-01-28,6058,5823,132
2020-01-29,7813,7519,170
2020-01-30,9823,9439,213
2020-01-31,11950,11448,259
2020-02-01,14553,13921,304
2020-02-02,17391,16525,362
2020-02-03,20630,19561,426
2020-02-04,24545,23146,492
2020-02-05,28266,26528,565
2020-02-06,31439,29239,638
2020-02-07,34876,32069,724
2020-02-08,37552,34055,813
2020-02-09,40553,36320,910
2020-02-10,43099,38038,1018
2020-02-11,45134,39216,1115
2020-02-12,59287,52039,1261
2020-02-13,64438,56247,1383
2020-02-14,67100,57378,1526
2020-02-15,69197,57990,1669
2020-02-16,71329,58581,1775
2020-02-17,73332,58747,1873
2020-02-18,75184,58622,2009
2020-02-19,75700,57217,2126
2020-02-20,76677,55906,2247
2020-02-21,77673,54418,2360
2020-02-22,78651,53541,2460
2020-02-23,79205,51596,2618
2020-02-24,80087,49922,2699
2020-02-25,80828,48014,2763
2020-02-26,81820,46215,2800
2020-02-27,83112,43734,2858
2020-02-28,84615,42262,2923
2020-02-29,86604,41297,2977
2020-03-01,88585,40413,3050
2020-03-02,90443,39218,3117
2020-03-03,93016,38870,3202
2020-03-04,95314,38505,3285
2020-03-05,98425,39433,3387
2020-03-06,102050,40947,3494
2020-03-07,106099,42328,3599
2020-03-08,109991,43886,3827
2020-03-09,114381,46300,4025
2020-03-10,118948,48031,4296
2020-03-11,126214,53279,4628
2020-03-12,134509,59168,4981
2020-03-13,145416,67413,5428
2020-03-14,156476,74717,5834
2020-03-15,169515,85538,6524
2020-03-16,182439,95640,7170
2020-03-17,198172,107558,7990
2020-03-18,218864,124551,8972
2020-03-19,245021,146793,10063
2020-03-20,275734,172718,11440
2020-03-21,305205,196623,13084
2020-03-22,337707,224342,14735
2020-03-23,379238,260517,16647
2020-03-24,423116,295148,19071
2020-03-25,471729,335966,21515
2020-03-26,532809,384450,24392
2020-03-27,597457,436603,27758
2020-03-28,664337,490952,31395
2020-03-29,724879,538797,34733
2020-03-30,789130,585002,38699
2020-03-31,863184,641609,43407
2020-04-01,940524,697818,48490
2020-04-02,1020927,753986,54677
2020-04-03,1117273,827979,60609
2020-04-04,1201186,888000,66623
2020-04-05,1274855,939784,71604
2020-04-06,1346822,991031,77081
2020-04-07,1429982,1043043,84721
2020-04-08,1514776,1093059,91360
2020-04-09,1600590,1145349,98804
2020-04-10,1694667,1212434,105979
2020-04-11,1775429,1260455,112265
2020-04-12,1847815,1306535,117881
2020-04-13,1919208,1351004,123493
2020-04-14,1992923,1383694,130635
2020-04-15,2076585,1427719,138744
2020-04-16,2161964,1469269,145574
2020-04-17,2249099,1523611,153915
2020-04-18,2330869,1574023,160364
2020-04-19,2406903,1616448,165357
2020-04-20,2480861,1663795,170736
2020-04-21,2556852,1688949,177677
2020-04-22,2637578,1735833,184301
2020-04-23,2723001,1786671,190917
2020-04-24,2828826,1833356,197099
