Dates,Cases,Active,Deaths
2020-02-15,0,0,0
2020-02-16,0,0,0
2020-02-17,0,0,0
2020-02-18,0,0,0
2020-02-19,0,0,0
2020-02-20,0,0,0
2020-02-21,0,0,0
2020-02-22,0,0,0
2020-02-23,0,0,0
2020-02-24,0,0,0
2020-02-25,0,0,0
2020-02-26,0,0,0
2020-02-27,0,0,0
2020-02-28,0,0,0
2020-02-29,0,0,0
2020-03-01,3,3,0
2020-03-02,4,4,0
2020-03-03,5,5,0
2020-03-04,8,8,0
2020-03-05,12,12,0
2020-03-06,19,19,0
2020-03-07,26,26,0
2020-03-08,32,32,0
2020-03-09,38,38,0
2020-03-10,63,63,0
2020-03-11,94,94,0
2020-03-12,116,116,0
2020-03-13,141,141,0
2020-03-14,189,189,0
2020-03-15,293,293,0
2020-03-16,344,341,0
2020-03-17,434,431,0
2020-03-18,522,519,0
2020-03-19,694,691,0
2020-03-20,833,829,0
2020-03-21,995,989,0
2020-03-22,1120,1113,1
2020-03-23,1236,1228,1
2020-03-24,1394,1381,3
2020-03-25,1654,1638,6
2020-03-26,1925,1906,9
2020-03-27,2279,2259,9
2020-03-28,2631,2609,11
2020-03-29,2817,2790,16
2020-03-30,3001,2953,23
2020-03-31,3308,3232,31
2020-04-01,3589,3489,39
2020-04-02,3858,3747,44
2020-04-03,4190,4065,53
2020-04-04,4472,4335,59
2020-04-05,4587,4424,67
2020-04-06,4822,4623,78
2020-04-07,5017,4757,88
2020-04-08,5312,4980,99
2020-04-09,5569,5156,112
2020-04-10,5732,5267,119
2020-04-11,5902,5362,129
2020-04-12,5991,5389,138
2020-04-13,6059,5397,143
2020-04-14,6111,5308,161
2020-04-15,6301,5316,166
2020-04-16,6433,5292,169
2020-04-17,6549,5202,173
2020-04-18,6606,5198,181
2020-04-19,6746,5262,186
2020-04-20,6900,5147,194
2020-04-21,7033,5079,201
2020-04-22,7132,4935,208
2020-04-23,7187,4825,210
