Dates,Cases,Active,Deaths
2020-02-15,2,0,0
2020-02-16,2,0,0
2020-02-17,2,0,0
2020-02-18,2,0,0
2020-02-19,2,0,0
2020-02-20,2,0,0
2020-02-21,2,0,0
2020-02-22,2,0,0
2020-02-23,2,0,0
2020-02-24,2,0,0
2020-02-25,2,0,0
2020-02-26,2,0,0
2020-02-27,2,0,0
2020-02-28,2,0,0
2020-02-29,2,0,0
2020-03-01,2,0,0
2020-03-02,3,1,0
2020-03-03,3,1,0
2020-03-04,3,1,0
2020-03-05,7,5,0
2020-03-06,13,11,0
2020-03-07,14,11,0
2020-03-08,17,14,0
2020-03-09,20,17,0
2020-03-10,20,17,0
2020-03-11,28,25,0
2020-03-12,34,31,0
2020-03-13,45,37,0
2020-03-14,59,51,0
2020-03-15,63,55,0
2020-03-16,93,85,0
2020-03-17,114,106,0
2020-03-18,147,139,0
2020-03-19,199,190,1
2020-03-20,253,240,1
2020-03-21,306,289,1
2020-03-22,367,350,1
2020-03-23,438,420,1
2020-03-24,495,472,1
2020-03-25,658,626,3
2020-03-26,840,799,3
2020-03-27,1036,987,4
2020-03-28,1264,1211,4
2020-03-29,1534,1462,8
2020-03-30,1836,1761,9
2020-03-31,2337,2199,17
2020-04-01,2777,2563,24
2020-04-02,3548,3283,30
2020-04-03,4149,3834,34
2020-04-04,4731,4355,43
2020-04-05,5389,4989,45
2020-04-06,6343,5890,47
2020-04-07,7497,6945,58
2020-04-08,8672,8029,63
2020-04-09,10131,9357,76
2020-04-10,11917,11028,94
2020-04-11,13584,12433,106
2020-04-12,15770,14349,130
2020-04-13,18328,16710,148
2020-04-14,21102,19238,170
2020-04-15,24490,22306,198
2020-04-16,27938,25402,232
2020-04-17,32008,29145,273
2020-04-18,36793,33423,313
2020-04-19,42853,39201,361
2020-04-20,47121,43270,405
2020-04-21,52763,48434,456
2020-04-22,57999,53066,513
2020-04-23,62773,57327,555
2020-04-24,68622,62439,615
2020-04-25,74588,67657,681
