Dates,Cases,Active,Deaths
2020-02-15,9,1,0
2020-02-16,9,1,0
2020-02-17,9,1,0
2020-02-18,9,1,0
2020-02-19,9,1,0
2020-02-20,9,1,0
2020-02-21,9,1,0
2020-02-22,9,1,0
2020-02-23,13,5,0
2020-02-24,13,5,0
2020-02-25,13,5,0
2020-02-26,13,5,0
2020-02-27,16,8,0
2020-02-28,20,12,0
2020-02-29,23,15,0
2020-03-01,36,28,0
2020-03-02,39,31,0
2020-03-03,51,43,0
2020-03-04,87,79,0
2020-03-05,116,97,1
2020-03-06,164,144,2
2020-03-07,209,189,2
2020-03-08,278,257,3
2020-03-09,321,298,5
2020-03-10,383,359,6
2020-03-11,460,434,8
2020-03-12,590,562,10
2020-03-13,798,769,11
2020-03-14,1140,1101,21
2020-03-15,1391,1336,35
2020-03-16,1543,1436,55
2020-03-17,1950,1814,71
2020-03-18,2626,2457,104
2020-03-19,3269,3060,144
2020-03-20,3983,3741,177
2020-03-21,5018,4692,233
2020-03-22,5683,5309,281
2020-03-23,6650,6180,335
2020-03-24,8077,7520,422
2020-03-25,9529,8931,463
2020-03-26,11658,10945,578
2020-03-27,14543,13649,759
2020-03-28,17089,15935,1019
2020-03-29,19522,18159,1228
2020-03-30,22141,20598,1408
2020-03-31,25150,23226,1789
2020-04-01,29474,26987,2352
2020-04-02,33718,30662,2921
2020-04-03,38168,34428,3605
2020-04-04,41903,37455,4313
2020-04-05,47806,42737,4934
2020-04-06,51608,46100,5373
2020-04-07,55242,48948,6159
2020-04-08,60733,53501,7097
2020-04-09,65077,56964,7978
2020-04-10,73758,64456,8958
2020-04-11,78991,68772,9875
2020-04-12,84279,73323,10612
2020-04-13,88621,76948,11329
2020-04-14,93873,81422,12107
2020-04-15,98476,85264,12868
2020-04-16,103093,89020,13729
2020-04-17,108692,93772,14576
2020-04-18,114217,98409,15464
2020-04-19,120067,103663,16060
2020-04-20,124743,107890,16509
